,1,2,3,4,5,6,7,8,9,10,11,12,13,14,15,16,17,18,19,20,21,22,23,24,25,26,27,28,29,30,31,32,33,34,35,36,37,38,39,40,41,42,43,44,45,46,47,48,49,50,51,52,53,54,55,56,57,58,59,60,61,62,63,64,65,66,67,68,69,70,71,72,73,74,75,76,77,78,79,80,81,82,83,84,85,86,87,88,89,90,91,92,93,94,95,96,97,98,99,100
1,1.0000000000000004,0.40737190904141185,0.5692916223559503,0.37584897570438097,0.7906728351800887,0.7299878585163292,0.6702085802021621,0.5774269133190877,0.549526008561582,0.6513866129517957,0.6538286701166834,0.6571226901057969,0.24285552885222136,0.6173708760170196,0.4032165300643915,0.6001393853757357,0.7860897544071297,0.5402035558463587,0.7178993420273081,0.7501747754882954,0.6073286238733252,0.6103791541419931,0.6997810897942467,0.5084422976714569,0.5820472839645202,0.49657525844742895,0.6645804770627018,0.8190934739709441,0.5544887471364076,0.6636591379227637,0.5896601417593068,0.6493159116871255,0.6581994959375694,0.6527188479008762,0.6760563397571823,0.7522954173995067,0.5474376671383498,0.5503878722520544,0.5721304350779414,0.6230032813801186,0.5060768362644369,0.6690320827039516,0.693971948923873,0.6210350676741138,0.4704212673935005,0.5348083367121724,0.7024161410674276,0.44023098107479647,0.5718744043423154,0.4903693367454142,0.7221750885174981,0.7314653557209331,0.8209203823787935,0.5065121820567019,0.7288622822289768,0.8773700121671499,0.7022103677008913,0.7262285690754304,0.7713829372241552,0.7699960014091025,0.5298906891749839,0.6869339143940136,0.6389691515610337,0.7021396522249571,0.6336381811079267,0.17060585288366184,0.5307239535031915,0.8512942256232995,0.5576784415620655,0.5706993706281336,0.6717618308422746,0.7699807800383922,0.585751932396707,0.5467056990057303,0.8091043426817921,0.7798621261172715,0.7840464556817756,0.5633751679377381,0.7557953296869687,0.7828087038672229,0.7110452056676433,0.6800905905780534,0.5677714076489037,0.5330574660749127,0.6241292977910514,0.5835774453531098,0.7675436126198846,0.819712177861191,0.5636969268891464,0.8178866396404245,0.8413086729803941,0.6100165476482994,0.707657153097673,0.5174977367130627,0.40447705624314717,0.49397009269427994,0.3530631880335452,0.44878219038823064,0.7341598087907174,0.7022888403888325
2,0.40737190904141185,0.9999999999999999,0.013356921569161349,0.22353789789503142,0.5709031122560173,0.46417080942327016,0.5855029451214164,0.5297312298131284,0.31270368008776916,0.4494723769352639,0.4848843493568799,0.31953045395975815,0.0,0.4205932073147358,0.29985688528031823,0.010631753727139412,0.47283123243953995,0.18474337767169602,0.5242075981925036,0.34645507828534444,0.4372243939931453,0.31618343636623425,0.15290765021338684,0.34835093851667603,0.5563992777211851,0.20192592855027813,0.5089088689622957,0.4858197411760673,0.31416214589802177,0.28246080115313543,0.5161513281419101,0.43208853280710585,0.6131947587016724,0.3549053402269141,0.6241291086901772,0.40253201880683753,0.4901667095104821,0.5916735853309125,0.191369080342677,0.18310588689807614,0.3198508567497244,0.33885533311484883,0.13690814024935782,0.7031388441897926,0.059873992004102636,0.17605496905248585,0.18305699406027426,0.5928544682962563,0.5737173761286611,0.5015252720914563,0.3926195925527373,0.4118414595793426,0.43691795869729044,0.20149969595164216,0.3776613703271554,0.5780137399909896,0.37623463020537334,0.343228197167949,0.4709177736225182,0.26477370814920914,0.17416202139636672,0.4498504914631588,0.2812620010475713,0.20077325741437674,0.4085362619257068,0.3340619580791122,0.26324699720138645,0.5545245837973479,0.293606938936974,0.5774479451332809,0.495616229241905,0.518045866937949,0.16508572859880427,0.40328667413704156,0.4542650976983066,0.43368146625271836,0.45072028600311914,0.39282176515706874,0.25401825213235407,0.14307959177046228,0.2759292491720426,0.15188647797428106,0.4271788736968905,0.29920770429431415,0.411832273882363,0.3137331703988875,0.23657946489109813,0.25394144612574626,0.296110373070521,0.551372671362561,0.48173250035035764,0.31304303086525626,0.5960446453234318,0.41165791784871575,0.28839176533355604,0.18854437944183236,0.41889186977811244,0.41310541229649184,0.28083482862006404,0.27974308481260374
3,0.5692916223559503,0.013356921569161349,1.0000000000000002,0.028231499812191762,0.4097465427335549,0.3173017542000254,0.42544744540947765,0.3372062227827425,0.4200125347321431,0.10561746485192472,0.39820867239759095,0.5223077977376916,0.3327729536804076,0.3588459490348746,0.11289670772517423,0.34898751294646724,0.57245494598109,0.32507814976062793,0.41209264158285774,0.5859445976247337,0.4837661557543422,0.37908618719723,0.6535872400586205,0.3725366884471893,0.3902371719401889,0.17048233752727623,0.46496468770749266,0.6504217516898756,0.5493657503060101,0.48750115016868056,0.25596874459576024,0.5668098557644768,0.32268831559040234,0.42857429740670944,0.29824117912377657,0.39227942357466483,0.5164106274093673,0.038842235666937334,0.5661808421182026,0.5122119891058745,0.3796394328446409,0.4431599319401839,0.6113458928804232,0.2470977456670903,0.2050415971599257,0.44505112356081733,0.6669887608359794,0.15533295380758605,0.26160292666773977,0.320836592106738,0.3078641101037885,0.634286770184067,0.7057397329379177,0.3065223687049361,0.5888999053606412,0.533043098627739,0.340462446683048,0.621620452189129,0.46794688383128,0.6542049014814176,0.5401883309270669,0.5937287247712854,0.5858476643878181,0.3757664396015516,0.5692420686171641,0.2285023578175881,0.34491119316023633,0.6959581561208162,0.5623375976484043,0.09266579055383647,0.49011908844780017,0.4833321954251285,0.6148226549180373,0.4581899167805651,0.5238378768105347,0.3042427266097364,0.6095649563719775,0.6641463196897835,0.5890034739821249,0.5642475343627875,0.539498820574053,0.5784958051132464,0.36395084127493693,0.6029410990009231,0.40761933597345557,0.11131844488830867,0.6413385873400519,0.6939427463759,0.5337965773385925,0.45550224499367725,0.552603943249946,0.712750581234465,0.526587129704646,0.4977910071424684,0.210427462340071,0.19997684478560626,0.13525187456723445,0.02776800472266216,0.688498541391013,0.6849263360204227
4,0.37584897570438097,0.22353789789503142,0.028231499812191762,1.0000000000000002,0.16423907585618872,0.5337024302717691,0.4444420443276784,0.5310613108682118,0.21239116247368384,0.3439919781869965,0.16524473143625362,0.04558152563916673,0.4705706123293039,0.31994432946273776,0.3111142535278881,0.5141940892529667,0.37281650555077966,0.5725460491570213,0.2925623804204467,0.33984462445002095,0.1789127237794738,0.17546811472043353,0.045637094566952335,0.18123304586523395,0.5223442725048222,0.3514103983826312,0.5398692011403716,0.3303215668861269,0.37413465756393827,0.29475576406274273,0.32253900341518893,0.2924400624369357,0.22532417259957446,0.041737160474832766,0.5250349434294197,0.5464271937911781,0.4671737487306182,0.4131898270831138,0.1784686389718072,0.028425310671902588,0.3340884316111777,0.300813473032176,0.3961944498274287,0.5779904909364512,0.25133529358293555,0.029795943764665538,0.14605191610765872,0.44638467552782096,0.3348476129806105,0.354349601600637,0.631870535175655,0.02518077026061692,0.2546162580767554,0.3534426356591782,0.493101005174369,0.36771228895844377,0.46612633905412165,0.43214824620145076,0.4697470123767037,0.35673189284514417,0.1985635528448447,0.056887447671858285,0.4357027526660823,0.5760163560534411,0.176764871911319,0.5044794228320268,0.340482361103748,0.33076716646814047,0.5487496132369718,0.04679891447396387,0.5977724017849217,0.410044655095544,0.19128816789300507,0.43842398157057416,0.5709703558596738,0.5787147863607711,0.5762836343869813,0.3865855308990975,0.5157779832740612,0.17908374768529253,0.29386676004907286,0.4351047053242021,0.4481009958729537,0.40979686519648273,0.2785152387775103,0.6390495490663438,0.36147898501848363,0.14363636178147035,0.4385867685103754,0.5633759622058319,0.49521366388486643,0.0,0.3836574450751517,0.3577207875851789,0.22231141542626753,0.42087166575667884,0.44865162693416355,0.6143720833730495,0.1440239768911452,0.1521701286081137
5,0.7906728351800887,0.5709031122560173,0.4097465427335549,0.16423907585618872,1.0000000000000002,0.7087130422810133,0.440660372198673,0.6893219228711419,0.4394861746249187,0.5543334054619543,0.45517306680604874,0.6476267730859313,0.0,0.6289293163737154,0.2748657682293236,0.4102403432838949,0.7691668481470527,0.340665690209105,0.574613906123001,0.6809719309774578,0.5453687363605296,0.37325599615367683,0.5747029251435888,0.2477290708611542,0.5404974400335218,0.1524497502568807,0.5293961897925654,0.7254455113647227,0.3781043992623693,0.6017362610535821,0.6683140176723453,0.4734592771512929,0.553039583491296,0.5987886411723388,0.6561897036340297,0.6369986084767684,0.45560804738144195,0.5825343570536962,0.5188505074869781,0.5316030438760097,0.41605416194881245,0.5345651472175328,0.5532332385601628,0.5125137672925522,0.22946374699988803,0.4139792001618595,0.5136159220003491,0.46360625404689554,0.5769070748409216,0.38154022986692976,0.48472281160680797,0.5795349229292519,0.7352987113047382,0.3455047977037764,0.6480542225642575,0.7273468816835071,0.6362205135063375,0.6126399996984844,0.6409398543460791,0.6159046405328724,0.2417499907862946,0.5348683327540399,0.37996750860747225,0.6032590953553507,0.4247036836644812,0.04346558019469783,0.36111481356056035,0.7545600616143128,0.47839443092496203,0.7148242208535304,0.577204696955062,0.6430388791051056,0.3597736315089334,0.5349666842733718,0.573403226369386,0.662664342619224,0.6848242096977032,0.4677447891116553,0.4447281539851582,0.527584575921612,0.5026475955664691,0.4322947737288082,0.6129296756882329,0.5291433849656787,0.4077923838120945,0.47390335487574375,0.5268827564975295,0.578792268400753,0.3902089107685839,0.6438370660304964,0.7563255475184432,0.42398879008667134,0.5901230453542078,0.4530287387643137,0.3676955563000844,0.36076302365037716,0.30620271722398024,0.43483434170233665,0.4979364564580087,0.5787171675030229
6,0.7299878585163292,0.46417080942327016,0.3173017542000254,0.5337024302717691,0.7087130422810133,1.0000000000000002,0.45074520555838266,0.653276064220007,0.29638528203545783,0.5676691038542788,0.5576145469465428,0.5682861956961955,0.16311989490938683,0.6237306813549164,0.45308303445333115,0.4410419730190795,0.6266641027671078,0.4553442397205446,0.45798426346698823,0.6831372413437152,0.580130204973597,0.39056217106186697,0.4853828830167,0.2563291396101603,0.5933094718511771,0.4034927467094774,0.607558809057319,0.748707202625383,0.5995802723733265,0.6094722837409405,0.6164248258509384,0.4971288589141436,0.3951772574188408,0.6201899632141235,0.7092075036138008,0.5984362791496899,0.5886629500808519,0.5856800579909879,0.514916127280547,0.5617703906023109,0.44624824014853515,0.6360283386419499,0.6348936807094976,0.6278977714431366,0.3520532485625533,0.3815419526668312,0.6661416282690832,0.6156918280223874,0.5802054194384096,0.5396129530474788,0.6642131496519881,0.5980633955063354,0.6468342897327714,0.24923489583306144,0.5818771226095611,0.6110453969582368,0.5470940609462118,0.5804097700168472,0.7370758941674849,0.4951525213658227,0.3479265121562098,0.5365413264149024,0.4327037656400621,0.6516810261408749,0.4824515121562031,0.17245913775156313,0.49605823955828104,0.7490636589986507,0.5073398502416249,0.36824669185269215,0.5913052271263968,0.6015492902589717,0.3959088195211346,0.6270907630929514,0.6568264064216214,0.722170936596454,0.636224009923592,0.5908601639034063,0.5611510071057368,0.3913892482588954,0.5056394995631521,0.49235338870713113,0.7011827108064953,0.5382969245269263,0.45435766589436655,0.640361375307818,0.4993773853392251,0.5828721240728723,0.427335188932374,0.7716810260534694,0.6247008785778271,0.39353901936631486,0.5864151286081656,0.4647537630878893,0.4814428452711732,0.42674820703870214,0.5210985726606862,0.5575412961873678,0.6102592716166302,0.5201451649718777
7,0.6702085802021621,0.5855029451214164,0.42544744540947765,0.4444420443276784,0.440660372198673,0.45074520555838266,0.9999999999999997,0.4230614088200542,0.33613519770933037,0.4333802684801547,0.5872972550736631,0.18614294342544735,0.30585550365761327,0.4149794449711221,0.5162521039680804,0.3049002372956496,0.4864976567196322,0.4077743479393967,0.5685056896646781,0.3922368223283611,0.4212010008649039,0.44128669333297504,0.41602342315244756,0.5169984649739133,0.47872932741223984,0.4690451453611984,0.7537999135255969,0.660183784929099,0.5519296900420599,0.5430304133052591,0.38188508805208077,0.5193159389747964,0.7833542931538381,0.24549136459821533,0.5507642596932859,0.5806128077328659,0.6036214204208358,0.5920839712331312,0.335880755826167,0.1890454070298195,0.3482280728112838,0.4083478939524589,0.23919357499275762,0.7232690818479903,0.23533187467855488,0.25998970033602575,0.3961969113539081,0.5592145302381146,0.5993755850828997,0.5135067610519076,0.6028490358435514,0.4559590762243312,0.526971175653528,0.4159413197508083,0.5795985351587186,0.7103856892779262,0.4986675073293574,0.6218400515441892,0.5335241081386117,0.4844251101080068,0.37189847598424675,0.5874794630298157,0.7258862015959708,0.38865942478094434,0.6188295368704877,0.37592700460315265,0.2243422320897654,0.6716877602494009,0.37727240331275436,0.29042390703460286,0.6594203414865638,0.5856688123839655,0.45037618854770234,0.6206703737649057,0.5659491400011288,0.4507858070068561,0.6224353119001691,0.5672117193438293,0.5315056170545394,0.41523134253237,0.49499833533013665,0.30359440687985184,0.5977742318697004,0.4305781823839548,0.6080165870795629,0.27413942200419295,0.6827100984637566,0.5064460107756946,0.7037972008759635,0.6965593051931924,0.6439567101475446,0.4353382490654123,0.6259665235870457,0.4198224013047647,0.24163553752440523,0.3301380702202101,0.3140333077365021,0.3005556133071171,0.6814791036880812,0.5731926418238507
8,0.5774269133190877,0.5297312298131284,0.3372062227827425,0.5310613108682118,0.6893219228711419,0.653276064220007,0.4230614088200542,1.0,0.22343343353965764,0.4864223838249624,0.20102870426165817,0.4312616772815348,0.4524416458111331,0.48347515105378713,0.19120035482386072,0.5382769891067207,0.784071752134399,0.394644948882108,0.5062556663629745,0.7133462996962731,0.30789092367072984,0.31029743512078123,0.45975188476436296,0.4253998983378236,0.7492824234387114,0.3174427582879411,0.5771765308758893,0.6006290482244055,0.45832690285658745,0.4082123456984523,0.6467226513995012,0.4863009439170052,0.438230824761116,0.36857779777403765,0.6737612788029418,0.5775472584334626,0.4767321833718981,0.4137817957498929,0.34880397995760354,0.21433871264454868,0.5353116784027889,0.7338518062286242,0.6988977928085869,0.545678895280829,0.22548619692407804,0.10379587688035316,0.45755333314612956,0.6264784096644453,0.6033489294423676,0.4551410128656201,0.5841799364883438,0.45838182584437887,0.6010844685433908,0.3571299296557883,0.7328911203377674,0.6663423847005149,0.5672453348009768,0.5176632056786846,0.7547379585782424,0.5411513490923342,0.4331304581629251,0.35947397903550676,0.4851875837011836,0.7612000581157797,0.29551862825935615,0.5352593724787661,0.3625872220778479,0.6768042451137334,0.6948114879322407,0.6041286311714216,0.7426233818066318,0.5004893657440338,0.42421618543028283,0.5901666236412073,0.670163056521146,0.7719131954365201,0.6532698599456931,0.6484902369170161,0.4872851442857147,0.37928912760404165,0.43422454111280334,0.632248221676263,0.5046976563051123,0.8095038721428892,0.4431551046183466,0.6945910222451072,0.5056194581426409,0.48539975273817587,0.5810429243219843,0.8224258036823991,0.6362688881091644,0.3157731041075817,0.7042402669431922,0.4358269766567829,0.5050221865753644,0.38556450296802736,0.507595917969682,0.5700221549913945,0.309569601017804,0.4833332613534424
9,0.549526008561582,0.31270368008776916,0.4200125347321431,0.21239116247368384,0.4394861746249187,0.29638528203545783,0.33613519770933037,0.22343343353965764,1.0000000000000002,0.2278568631866129,0.6677229775090281,0.5827819669461162,0.023538605300157472,0.4708691278265154,0.255557861630093,0.38275489912377725,0.5410824742329963,0.3982687970793312,0.6306271370700149,0.4756761646493344,0.4697928443344175,0.6292468784538098,0.4115121985821643,0.3648728132441558,0.5117438112498117,0.028205089227452854,0.5652344338519668,0.5278091604512879,0.3325524558872025,0.23340766765703347,0.23619648519978587,0.2678496721001348,0.37834764215220007,0.41316276943164093,0.4211541187885685,0.6247059638822955,0.49225177932765174,0.3694421788883081,0.39798862699114773,0.5435563008806872,0.22440629550327573,0.0896013812747847,0.3341256770606633,0.4813371641811293,0.16208753742859677,0.5674681946680804,0.4748150491695728,0.31513377630239675,0.43721713679070306,0.2274690582442346,0.5330853661713617,0.3985055363899896,0.578528617276391,0.3714317414616108,0.4084265791122794,0.4442855962375041,0.5074882666538814,0.5757205907507777,0.5346062273237361,0.49647397042654695,0.18608217963184645,0.2672383335083063,0.17109971036867425,0.17441747832176957,0.3541282269893055,0.03158662605562982,0.48310701638434045,0.5248533285202103,0.38233910488630796,0.4709052390127893,0.40552064943827204,0.6696773216889415,0.33180695178122965,0.0343194288024547,0.60658110776979,0.5414412988372356,0.6710100724210045,0.5174663138730647,0.5688761779943031,0.4039064257233889,0.41919860500869105,0.37373988022548127,0.47892037459095804,0.28036477608694776,0.3879569153190674,0.2390910223966783,0.4575624224206975,0.4212052730340411,0.3552538028444067,0.3131347976635433,0.6080472294121032,0.5055528898654296,0.47016805073344997,0.7151120015068149,0.239820900714336,0.25232395073818,0.28032719676180495,0.24339634678423366,0.3440277068047486,0.38450943260952597
10,0.6513866129517957,0.4494723769352639,0.10561746485192472,0.3439919781869965,0.5543334054619543,0.5676691038542788,0.4333802684801547,0.4864223838249624,0.2278568631866129,0.9999999999999997,0.3668839161217199,0.44002213213253694,0.35884919002459625,0.7337766396959344,0.2849424067060239,0.49005654739080146,0.5853921228765026,0.13403148701856463,0.6685083414780204,0.5102130994937967,0.5329714370452112,0.44446589148875737,0.3764589260239004,0.4092917656520179,0.44112922473991506,0.5894441367705409,0.5317062762124252,0.4772161306152245,0.3541103135801809,0.549011074946934,0.6231705376365025,0.41189823160654593,0.5724505841112645,0.5276825416752946,0.6574796960311745,0.54008321262439,0.46976073708485183,0.3166798658672038,0.14158311447411814,0.3889687179292043,0.5813061994104817,0.6737280031435695,0.486153951049503,0.5430943917848177,0.18370209348769123,0.5256948754824916,0.3550999893600935,0.49420366725910253,0.4257847871126205,0.5274832012319935,0.5631069619935766,0.5188619768589235,0.5702290041634707,0.3996526650253732,0.5206549811126175,0.6528170321752483,0.513841881238553,0.42781242526183483,0.5896497188207611,0.6052762262256239,0.40588583203376605,0.5873938705085798,0.4177413391251647,0.5176355755138708,0.5126109103115072,0.21686623058024024,0.6671286901088033,0.4855403429975564,0.48378010636080765,0.5712094352078597,0.5368476892310355,0.5828645028775843,0.44238108996755854,0.497150877599078,0.5807693455809413,0.6470698171371829,0.5138927208249356,0.2229117336611114,0.61783951924716,0.6236308609377581,0.5977765756949553,0.4990893174156061,0.4105968689868934,0.2423772865158743,0.48312941316734753,0.6548740246481978,0.5217325645926333,0.5509969679988357,0.44793106852719805,0.5961299694716297,0.5163225038977266,0.22900629861925204,0.6772710824873706,0.2964681555145486,0.3884201285878384,0.4492531951006804,0.48477597257448546,0.3013908221860945,0.43349857320287394,0.4177696572211494
11,0.6538286701166834,0.4848843493568799,0.39820867239759095,0.16524473143625362,0.45517306680604874,0.5576145469465428,0.5872972550736631,0.20102870426165817,0.6677229775090281,0.3668839161217199,1.0,0.4785260689087424,0.008698248917502975,0.44808340045952927,0.49293409322121196,0.23927185880960258,0.47017181206214026,0.28827981984798434,0.6176614284407148,0.5942739699023059,0.5808892392145173,0.7108827865063067,0.3837422057256173,0.6568905736778202,0.541174076626869,0.3453733500407431,0.6137076900268326,0.6572407404643239,0.5291944187536205,0.4668577074806853,0.40973296345697857,0.44648973619643767,0.4807448456948094,0.5274198262082781,0.5015704961317333,0.5703681872702214,0.5466394930954908,0.6316408709394122,0.4380211503781622,0.5495577886165136,0.2566836226843921,0.27805434269135443,0.31065082525155274,0.5715673900501671,0.4491145575771311,0.5718692896822563,0.7099653203489488,0.5120894977943086,0.4603370960254734,0.40032021652669775,0.6008154852472432,0.6400414937280735,0.6117707947752257,0.4414746420814632,0.3855643111723579,0.5443753344264585,0.5286062389705405,0.4976606566578096,0.4725007948770301,0.40134147172247925,0.40460923482421624,0.5984212699196121,0.3405860545531514,0.12361646194425929,0.5531660853076712,0.02135834109044148,0.4757657557971886,0.6931464135557398,0.31676546107432896,0.3137763162407055,0.38169139503805977,0.6082747911928607,0.28601353000462126,0.25412287061184863,0.5939362388853231,0.49175302640366575,0.5577855163640767,0.5296210124923546,0.4730751484848697,0.34196405075653685,0.43100237668120744,0.2710441040555006,0.5311954013414005,0.21771168407779337,0.5961800155930076,0.12803618882598017,0.42236778651021717,0.5981083573717666,0.41186736816411196,0.5355191577727446,0.45502005985882604,0.701462146014127,0.5611068821883464,0.5736098042249138,0.40124692629404896,0.19895803451004967,0.3372142164819243,0.1618671657136398,0.6791726428895467,0.44749877548554406
12,0.6571226901057969,0.31953045395975815,0.5223077977376916,0.04558152563916673,0.6476267730859313,0.5682861956961955,0.18614294342544735,0.4312616772815348,0.5827819669461162,0.44002213213253694,0.4785260689087424,1.0,0.005139012328454949,0.4610859448817112,0.28367107750613274,0.3814384662874246,0.7210986689787757,0.31684584559434514,0.5937186647078647,0.5449957023064427,0.7203559478817675,0.3297475718603007,0.6026521804029343,0.3437762696756078,0.40351905800123217,0.2925044885508266,0.4135831665575592,0.6147951109981298,0.39562512837132846,0.2434279626066406,0.4703776364550414,0.5315591659866394,0.2574337987778731,0.6275961587640893,0.4805378575945538,0.5387044773778101,0.2938387182424972,0.1807716304061906,0.6057142793642271,0.7903263970111054,0.32977475006765694,0.5416571859215396,0.5944492383292488,0.34673701657829453,0.12847853310345442,0.7030922729457276,0.6477982914632653,0.129600142098462,0.3413802278610927,0.27600515723075875,0.3753366222267321,0.619410740068711,0.696300553184776,0.25032227547689867,0.3946783116696487,0.6093831500321512,0.4754344936853307,0.37700577682790676,0.6501475889869472,0.4831934043476161,0.5122996731537877,0.4082975717116711,0.11838264397810183,0.42104439576538416,0.4323755156305735,0.044013501895531854,0.513865351662171,0.5949573434260563,0.36546448074496724,0.5410876936820423,0.29984678414060295,0.6520902397300665,0.4456003543198668,0.2701482335533408,0.4888066733428411,0.6733652904056412,0.5737352418120512,0.5455991709937683,0.5465530451036585,0.5317124108078225,0.6347244168667663,0.6144306300415836,0.26763349444157286,0.3364276021465703,0.2967676302737107,0.4554605169747683,0.47603530391854315,0.6750749542468915,0.3126607306978732,0.42464843510914263,0.5570619297271919,0.4524369546197438,0.6383678697943513,0.5225706364165373,0.3666040685728985,0.3369109509174244,0.33866314811918813,0.1434774921554249,0.4167016843731275,0.4601925771227279
13,0.24285552885222136,0.0,0.3327729536804076,0.4705706123293039,0.0,0.16311989490938683,0.30585550365761327,0.4524416458111331,0.023538605300157472,0.35884919002459625,0.008698248917502975,0.005139012328454949,0.9999999999999998,0.33240257233518317,0.0,0.3838238293172152,0.28026925380057244,0.0,0.1586878820888577,0.4054642257070167,0.0,0.18437736284772227,0.30224899617643136,0.4326606925679792,0.3179435673525192,0.5970004695179125,0.4629898333620232,0.20966470723717387,0.49898478564227267,0.30935249074736126,0.17898026084300347,0.12431395444009714,0.18659856226799731,0.0767773481870767,0.26099759965107044,0.16181253446111882,0.35003583985306636,0.020026855779398455,0.15804320147301085,0.0,0.3884002328909973,0.630558173677429,0.5737062402844157,0.45702190231220385,0.0,0.0,0.17797359685455488,0.38880344714553633,0.18951442487327497,0.5402520818441939,0.2957979481532513,0.2952250254261217,0.33830489632127203,0.23834233263402615,0.5365978632471288,0.23717491763805298,0.35017687658784485,0.41057130197114683,0.4435816636154593,0.5022100062750874,0.5903463233251381,0.30229268259980435,0.4699639659711909,0.4805448116218916,0.2981054671408462,0.6075635761022734,0.5590675900908362,0.2091762793195808,0.4758562962701079,0.0,0.5248769284273344,0.15659363032674625,0.27378838891801843,0.49082454146185633,0.48733664979396957,0.2904395467442987,0.3383813985017153,0.45796344322581234,0.3861132256774461,0.29436336229301446,0.2809202633623737,0.589355444107265,0.1958622154871803,0.4623844226145777,0.4738278583863745,0.3435881336651204,0.4406675608600206,0.4186783741251947,0.6569007360781323,0.49890695022521997,0.24277099542869837,0.31508771322241164,0.41984653850415526,0.1738179335732251,0.2837869823481539,0.3919950434074397,0.4014742771168053,0.0,0.2973426561664545,0.2900010861371822
14,0.6173708760170196,0.4205932073147358,0.3588459490348746,0.31994432946273776,0.6289293163737154,0.6237306813549164,0.4149794449711221,0.48347515105378713,0.4708691278265154,0.7337766396959344,0.44808340045952927,0.4610859448817112,0.33240257233518317,1.0,0.4884640076973648,0.3512113704297145,0.5763214675607156,0.25847972928388446,0.5479053514363359,0.49617951358477025,0.5134826388378436,0.5242422988663071,0.5493905986243529,0.24925454878709244,0.576903865014839,0.24795750602777222,0.6866567519068509,0.5988412846432534,0.548778633712365,0.6354528148466732,0.4846150374240676,0.30167171620587,0.5128158230755259,0.47203806959341404,0.6956021580141228,0.5483806601618042,0.7469327084855079,0.4353049923757298,0.2622973257774265,0.36773023710404107,0.5586411569621942,0.5278490247859698,0.45478288358031954,0.609634215634083,0.0,0.51184465213002,0.5360490019734342,0.6920296910369902,0.6170009961825292,0.733155729626613,0.43747947001706894,0.5722538131973162,0.6102792754966166,0.12935899185104538,0.581731573444921,0.4609460298272691,0.466367163827705,0.6855262134102875,0.6545814855287881,0.6659925958173277,0.25901345885330485,0.6625119120712304,0.5005681329272199,0.4478425541532683,0.5936450845276616,0.23369780713271662,0.6432326648946609,0.6181686375582337,0.5582553342794866,0.5379950333361112,0.5866120869972078,0.5597278860519483,0.4054383957784594,0.5279784508099018,0.6064525842229571,0.5196476833328147,0.6154718841751569,0.4650946644622545,0.5967759484759226,0.49953241777966295,0.47625751958963575,0.37655636411873966,0.6144447062993349,0.33308407678791213,0.5765474894288065,0.4087929774180874,0.6886276907727842,0.514974852229812,0.5184072698691055,0.5578408257790258,0.5693192528783464,0.31563655735993845,0.559793876648904,0.40421089803877686,0.21024512435696757,0.4216756832397228,0.6980641512683512,0.4236258840097997,0.6189976203798337,0.6981979874805532
15,0.4032165300643915,0.29985688528031823,0.11289670772517423,0.3111142535278881,0.2748657682293236,0.45308303445333115,0.5162521039680804,0.19120035482386072,0.255557861630093,0.2849424067060239,0.49293409322121196,0.28367107750613274,0.0,0.4884640076973648,1.0,0.030631316368281893,0.23223506463858726,0.28344886071474196,0.24684307299427344,0.014427075105784266,0.28960144769121965,0.23167910519541823,0.2731437326120643,0.28402648230155886,0.34743069817343025,0.3360572553655758,0.4250135736383142,0.426723143670231,0.5052894863852607,0.26647134143321266,0.3051370061831344,0.2701852586072964,0.27951878814930486,0.0195230027755464,0.4356086348295279,0.45502885308825786,0.2823026522193235,0.6283018753947046,0.31224700236540404,0.020462706577051418,0.052323421729540284,0.2420967056887836,0.014982682580330467,0.4471518763407974,0.0,0.3285866749753029,0.4693123149174381,0.4930156316145509,0.43044367259866345,0.5348721178684467,0.20894538991143366,0.22853659807697604,0.18345580450618687,0.06090690424635027,0.24107087386612813,0.23037583847816284,0.21551535781904305,0.25529581368381815,0.3736387733622558,0.04700904776926924,0.26645448172726216,0.287987182935615,0.2661811836180534,0.24593444860826716,0.27369888118897906,0.0,0.0,0.38047416742570245,0.03775144213054933,0.3015263470580509,0.2292619403644282,0.2481283422267363,0.06803238990622636,0.3217185172622616,0.16978737382883433,0.40048140666413945,0.2329772171467258,0.46520933767354766,0.22603826000386287,0.04668762552410678,0.25758451222571666,0.01541487285930858,0.3298300581598167,0.0294983402999066,0.5142497626990085,0.01796916944160703,0.47537008584307766,0.20675750616941724,0.5172984818460535,0.36477324463505095,0.23217820733614794,0.0,0.22795619914432141,0.03385822689304213,0.11637512161698943,0.31378687781569997,0.6672337324473718,0.30600648632628263,0.48650852782112103,0.5007228317660876
16,0.6001393853757357,0.010631753727139412,0.34898751294646724,0.5141940892529667,0.4102403432838949,0.4410419730190795,0.3049002372956496,0.5382769891067207,0.38275489912377725,0.49005654739080146,0.23927185880960258,0.3814384662874246,0.3838238293172152,0.3512113704297145,0.030631316368281893,1.0,0.5664265405117175,0.4609225437511175,0.5009646702332218,0.6558448997118723,0.22159604668245853,0.46046241061346327,0.5363342805215312,0.3677776397414476,0.5687179511960202,0.2838113274608288,0.5157883150908195,0.38037345121160265,0.4553986105138384,0.48788314462993176,0.25046983117238947,0.3193117847330908,0.40045558414892923,0.4008030460868628,0.31485914981460467,0.5158927159355059,0.3065670170256794,0.19679976119677284,0.4044127331295602,0.3987232099841491,0.2582713893369332,0.4435998549845291,0.6086691895710916,0.23747184219712827,0.42280283917317496,0.26801604634833154,0.44950886103677057,0.2767438881188614,0.38082213802934106,0.14545896169210973,0.7781941651247465,0.42503528985483696,0.5399660343770375,0.407708362978083,0.553870343447224,0.5968143086769635,0.6037064567252844,0.5260628222599053,0.4532143487070214,0.7256146457211394,0.2697501501272763,0.19408672313540265,0.361336277340632,0.6349601098706384,0.24183810168871198,0.1996046142817258,0.44787253132610155,0.42595993021274964,0.6402820744934167,0.30934951542148775,0.5684600904213118,0.37864429966346186,0.53086441011894,0.4181342320928812,0.6059110881866486,0.6784100139847125,0.6443561681918298,0.34579849115380096,0.5699340082851322,0.4582661341263963,0.41411203783789274,0.6841448071788497,0.38392929521667835,0.5518603246250053,0.33133619677390247,0.7054671708436712,0.542117248552208,0.5704733961194501,0.408822043428876,0.5531560946405536,0.5513328439337141,0.21522102120974682,0.5517567597750256,0.476634025018213,0.18097873371821158,0.5247061354641127,0.18305272438340517,0.3324524844342438,0.26116712458168584,0.3524426379885397
17,0.7860897544071297,0.47283123243953995,0.57245494598109,0.37281650555077966,0.7691668481470527,0.6266641027671078,0.4864976567196322,0.784071752134399,0.5410824742329963,0.5853921228765026,0.47017181206214026,0.7210986689787757,0.28026925380057244,0.5763214675607156,0.23223506463858726,0.5664265405117175,1.0,0.4585188637206986,0.8300771476135038,0.7600049934749721,0.6950362914676614,0.5276024807026128,0.599117051135427,0.5823688258566545,0.7165645148748665,0.34526337075870517,0.6435886907241175,0.8114180662087612,0.40746467482186144,0.45503057416787784,0.6279243682428559,0.6674172190453092,0.5555999177865899,0.5860947992061842,0.706150723214827,0.8424454506285599,0.5330517229358722,0.3577386420365031,0.5286091852089776,0.5752733392368106,0.7209921941156857,0.6351103589752461,0.7391218560810233,0.49109635332544344,0.34345345897772883,0.621082583726493,0.65739602762614,0.4427606026242402,0.5995704025425702,0.3134152514285498,0.6495902944894961,0.6407866663856527,0.7771543549063489,0.6187908738057104,0.6903771885421193,0.8445671669862825,0.6044124414329416,0.5900802215608939,0.7817494985476859,0.7177409339265969,0.5697262358168996,0.5790622087251687,0.5165006278750404,0.581315120184026,0.5943176620169709,0.4782125917114434,0.5590404140942863,0.8324104248399482,0.7420795991168798,0.6289156770284641,0.7099281578228177,0.7876877198333996,0.6855514312082724,0.5060981239509572,0.7567043247515429,0.807152877339916,0.7766605291018739,0.6088893159544788,0.698429419307452,0.6633388357752531,0.7704256067837232,0.6979076026695546,0.46420390602250894,0.676795298901121,0.513783977789859,0.6732873959789859,0.6973755369827885,0.7208456996856597,0.5584385470946123,0.716814613414886,0.8043006381221512,0.5283734248232653,0.8048851865687732,0.564212548831498,0.40621750809616286,0.3523249414629941,0.323836948270684,0.47345564718978217,0.5212470413842495,0.5960194058463957
18,0.5402035558463587,0.18474337767169602,0.32507814976062793,0.5725460491570213,0.340665690209105,0.4553442397205446,0.4077743479393967,0.394644948882108,0.3982687970793312,0.13403148701856463,0.28827981984798434,0.31684584559434514,0.0,0.25847972928388446,0.28344886071474196,0.4609225437511175,0.4585188637206986,0.9999999999999999,0.35286594871234345,0.344789773654154,0.4193568632896794,0.4112829800032183,0.3739978360907959,0.16253328428602964,0.4677740616092576,0.0,0.48064552466109367,0.46877099072926065,0.2591473523873281,0.2742768273734064,0.28547145752753733,0.5159256978163262,0.41041263576679277,0.011333236121385077,0.5681371676825776,0.5590322743444917,0.447079633991448,0.366504905279191,0.17968399621010667,0.28986290261341713,0.14439806379528727,0.14057457067711995,0.2446309277239586,0.2512732570120599,0.47551316541680766,0.16906795073078162,0.3666053012201746,0.2552460560560899,0.43103205133795186,0.1634159557683731,0.559395486447197,0.13216473878754123,0.4270782840986778,0.1584409327664435,0.33944633899219634,0.5211010483252926,0.5438891434154124,0.4985565890296683,0.44993936172953425,0.3498174691395505,0.1540500296794512,0.17984512008510928,0.5244078726733228,0.38379189061835506,0.40127835560671826,0.26163300727800654,0.15005532821500947,0.5024098499504193,0.43118718542497153,0.26785966700448977,0.3359856425503064,0.46347731562667466,0.3723828124890645,0.2384229355684932,0.59714876081649,0.5086485419152182,0.6163896441030532,0.3810110983278639,0.5440446661297069,0.3875634330992175,0.3691931307487831,0.4446466093417902,0.26703926161823,0.43173504304983723,0.15038359620408148,0.43317539244843806,0.4303910782434673,0.32774480466101963,0.13826317843347002,0.5135152146290048,0.5333106032640789,0.2697301063692176,0.43461369844220293,0.5866385431889805,0.20407570807878606,0.4093049227199907,0.19512115604579777,0.5464150710207883,0.2702348523936173,0.26511115641563965
19,0.7178993420273081,0.5242075981925036,0.41209264158285774,0.2925623804204467,0.574613906123001,0.45798426346698823,0.5685056896646781,0.5062556663629745,0.6306271370700149,0.6685083414780204,0.6176614284407148,0.5937186647078647,0.1586878820888577,0.5479053514363359,0.24684307299427344,0.5009646702332218,0.8300771476135038,0.35286594871234345,1.0000000000000002,0.5985368624904445,0.6856934044183789,0.5755959921486952,0.5178094283839342,0.6472364366951131,0.6928147657606235,0.41230272843850324,0.6265212563976519,0.6445316812572733,0.23589203174730228,0.4770994472244551,0.5119039811428651,0.6386338286457904,0.687790312963326,0.5560751871695908,0.5671428084490605,0.802936072144646,0.5499690969101101,0.25921920102916973,0.3592065731133776,0.4563649425530813,0.7140307839828994,0.4444847878287784,0.4988701993985695,0.5469230426988488,0.36540198266966883,0.7072878951031041,0.5596239143491927,0.3839383849468533,0.46763236403185265,0.23341270249998453,0.6426980889426397,0.6172799493596882,0.6474829413516956,0.5944901782695313,0.4533779241154645,0.7882704706279476,0.5571177665431959,0.4676798587108541,0.6611446873143623,0.6400179310749989,0.43587774827757736,0.641051240206855,0.45513967950883905,0.3457320073694206,0.6452812067390093,0.3679916160820758,0.5321843245419979,0.7093902550718647,0.6774374646428334,0.6231539362730457,0.5534783363700705,0.7525629843878674,0.6272723429731205,0.28524045171273277,0.6951445087155642,0.6695358240573829,0.6592436031175067,0.40964661279655834,0.7730250555091918,0.7308197919300614,0.783406927328675,0.480503307191639,0.38642876014438177,0.3937288912217615,0.4710280774169347,0.5617638414939463,0.6688976541976557,0.6313096399674337,0.43376302569941066,0.5727059103896504,0.6703014772057714,0.4752089399923406,0.7382070274830095,0.6002472291425992,0.32645662433860434,0.2901998420821413,0.2760433422685178,0.3935469049039648,0.48268110977884054,0.5530392567591303
20,0.7501747754882954,0.34645507828534444,0.5859445976247337,0.33984462445002095,0.6809719309774578,0.6831372413437152,0.3922368223283611,0.7133462996962731,0.4756761646493344,0.5102130994937967,0.5942739699023059,0.5449957023064427,0.4054642257070167,0.49617951358477025,0.014427075105784266,0.6558448997118723,0.7600049934749721,0.344789773654154,0.5985368624904445,1.0,0.45773959989760854,0.6481976321236687,0.529926563482962,0.5937274425593417,0.6877353365019939,0.3173242757805445,0.6129739358464358,0.6861950642097738,0.5508080370620039,0.5612170943889566,0.5732186886362218,0.49775081156648826,0.3973794814206763,0.7073878180210923,0.5818612068944289,0.5603191993256473,0.5898008333066395,0.3873582200532218,0.4465722228024085,0.6230284151114681,0.5356007071851964,0.6793001249396724,0.8338189991908597,0.48328060875363016,0.5087237646984754,0.3457756410026411,0.7149451819023033,0.5114816915339544,0.48571473324757897,0.3878804846058332,0.7517792735782096,0.7332260214041717,0.8143360386441111,0.5368869433061028,0.7663242706123515,0.7191220034069226,0.6687371319538846,0.6547607752315572,0.6661427565763315,0.759513003856717,0.518404887588328,0.5616072364677286,0.5155906219529378,0.6220736998956877,0.4395509440698471,0.31183051457842265,0.675682766552076,0.7941037477306105,0.7380269384015602,0.40440964287612813,0.701569496240233,0.6566764636677762,0.4970833419280754,0.47534695020439005,0.8293518832082182,0.7173054597451718,0.7844639836460674,0.591800216873098,0.6213445079944232,0.5672539939490254,0.48470857582802596,0.7382196797578409,0.5903940630388217,0.7014809365635236,0.5259309724807062,0.5811489056279479,0.4929042419696361,0.7675541142680474,0.4859533341207775,0.7940007882152338,0.6714877882666737,0.7408023508026207,0.7588725868300857,0.6281445936345973,0.5418775349055847,0.2705974831489617,0.29917293475828943,0.33246281690117013,0.5598004783936388,0.49898387403104705
